1
100 100
61955 79012 45516 40462 15280 69585 88635 2539 52102 76572 2892 60889 80638 70044 39319 9022 27666 63304 82555 12774 63715 89629 13528 47999 1172 51740 1173 85275 45005 71050 73723 23762 67290 31662 65400 74333 90249 71510 47709 13372 15695 4466 8448 33264 17316 53431 56091 57954 56706 54013 98859 40410 74602 642 83250 56873 64704 61189 44309 35008 86538 6284 53407 42614 99860 5950 44412 41318 44367 64713 7263 20687 26669 34270 92316 61042 29638 50352 23791 94871 97239 3769 91347 37001 54686 46324 78252 25749 62463 5508 56542 38703 92962 2988 86003 73997 88147 2197 16697 45898
3 24 69
3 49 68
3 2 89
3 46 68
2 31 53 73 95
1 27 98 36874
2 19 77 33 91
3 9 36
2 51 85 34 68
2 14 24 81 91
3 87 90
3 46 53
3 17 84
2 37 58 34 55
2 11 62 10 61
3 18 47
3 41 82
2 1 62 1 62
1 69 76 12146
2 26 83 8 65
3 29 32
1 54 60 7912
3 17 26
3 22 41
2 58 91 58 91
2 74 84 79 89
1 6 87 88426
1 55 62 55043
2 91 99 77 85
3 5 67
3 14 15
1 10 24 42217
3 12 17
3 44 60
2 30 37 9 16
3 32 99
3 13 88
3 31 59
2 56 77 10 31
3 52 88
2 47 63 22 38
1 53 89 50545
2 77 79 8 10
1 9 80 19595
2 8 11 3 6
3 85 99
1 44 66 80465
2 53 67 45 59
3 25 45
3 25 31
3 14 23
2 54 59 10 15
2 10 58 2 50
1 18 98 33832
1 37 47 6550
1 3 15 11514
1 51 54 99969
1 12 14 83302
3 45 84
3 1 67
2 40 46 25 31
2 5 39 5 39
2 38 64 2 28
3 24 99
2 50 62 81 93
1 3 46 44814
1 19 96 88126
1 21 57 78905
2 35 73 27 65
3 9 24
3 18 43
2 9 19 68 78
3 34 62
1 37 48 27246
1 76 98 26313
1 34 52 32758
2 16 34 53 71
2 35 87 25 77
3 72 92
2 18 85 19 86
2 27 91 16 80
1 81 95 20636
3 60 73
3 36 74
3 61 97
2 62 63 28 29
3 86 87
1 70 92 49086
2 28 72 9 53
1 65 97 63302
1 19 61 85676
2 9 93 2 86
3 38 97
2 24 43 44 63
3 42 74
2 13 85 22 94
3 23 77
3 78 94
2 90 92 95 97
2 49 73 60 84
